$ANSIBLE_VAULT;1.1;AES256
30626239383330653735656537616430353930616232643661343632663366313438383661303133
6333666635356433613065346530613361623131333935330a643231323662333363616330656435
31303339653236333766376338316236313763353663303063303733363562393638353831653337
3334626139376331330a303734646661666133623731356366306366353961613336363537653464
32303133376165303539356434623965663439386364373364653534373063353865623361353932
30343364363135363137393134396661373733643235633630663637313933643763623930613061
37383739633031306235376637376364386436633831326534366232356634326464656537333034
63636534626339306539633834303538616638393232373633616262666439386633666165366465
39616530353038316238623738656532663339393034373337623031363461653530393936343562
37626637656462383666316435356465646238393335653865363564363934633035393134393636
64663837386237313264326131646562353434643236616231643032343263306666353739363966
32663562333263396631613336646239636663623534383064363333333662386663626238666532
37313139383065353532313331336334643464336335323836316665613335643535373362633461
33653539663533383938666332303363616337323430663639636530323138613431653031393130
37623235626561303831636638323730643633343462656134333634623633626236383736613836
35363630623464616231393333343030343136393634366132373566656239386239613733366430
30613466313765383133366263636261616530376333646363653963306638653265646466616666
38383965653163633237643366643932653230306631393566623135313837373462383861633238
34386638383637333464346466663330616265383831646532363764313035366666663830326136
33383762663137633336653339336265376638396661363466373863366661656437376433336330
38666161303265333238336238646638383435626563626561633166373331626364623463363266
37343334343633383234626239306230663539343137356532653032336166623037353064323165
38326461303436643061323966373439636534643963343534323865643165636565663764306335
31336536336464326365
