$ANSIBLE_VAULT;1.1;AES256
33393532613664336535636332636166363533393332353765656139653862396534333338383131
6335613061316138626161396634626230326636623161640a316238376561613164616461346162
36316632613161326631343438613465323237633363323732323764623035613435376236636435
3131613361323832390a396131376330343631333234616166666335616235613337306537373933
63353439366264373933646236613732383366316333613132666336363562323134343632303235
38313331656266616537343539636534663339356537393464653261323537376365346138376632
38613839313330363363626434613938343531623734653130626639333965636236666364366536
30386237663264356139376638323331356466386438613934353336396430666639613037356364
37373161343335353730346138363936643431323062373534366361386334363738353135376366
38306539666365366465393335323230393834383137346265383635636639393865366634633166
39316131353338303334326363633465343437623435396534323839356437366431393530353930
66626663613238613366396666366533666161653238656566613334663035323631356164646464
65353664633961646663386236663931353732653438636635373132623437396138633237353432
35623063636265633065383835356633653737306662333836303063383662646265303638626234
39376139363262306665373362616563373866386431376366343332376138626530663032626139
66303563333030653232313564643537356666613565643661386338393730636131363461363861
32653030313166666361303830666330636431623464623362633966633138376365646564613432
64613433323635636535633365633530643137323531643132353861323736656634363430363463
33313731626266306535313439396562313364653066616463626233353538353037353061343563
32343966323162633738646566653861336237616561356637663462653565353635616139303466
38613938623461663437313961393032316236633665656339383461333863376464313365646134
64643261643632623161336131383735336265656533396263353130316234373036343431323465
63633039646139323230633362626639616433343434633432656134663262383131656332383330
36646664346136343761
